# mesh network linear PF81
0.447 0.4238 0.4452 0.4318 0.4256 0.448 0.4398 0.4412 0.4386 0.435 0.4372 0.4376 0.4286
# mesh network threshold PF80
0.506 0.5006 0.5064 0.5184 0.5102 0.514 0.5206 0.5092 0.52 0.5222 0.5062 0.5056 0.5138

# growable linear PF81
0.3098 0.3091 0.3086 0.3074 0.3084 0.3071 0.3096 0.3032 0.302 0.3063 0.3075 0.307 0.3087
# growable threshold PF80
0.4451 0.4446 0.4448 0.4445 0.4427 0.4463 0.4425 0.4469 0.4396 0.4453 0.4392 0.4423 0.4433
# growable linear pF81 with neuron cluster
0.4644 0.4647 0.4671 0.4648 0.4658 0.4662 0.4626 0.4667 0.4662 0.4637 0.4638 0.4688 0.4619

# mesh network per digit with PF80
9 :  0.3168 1 :  0.4077 7 :  0.509 5 :  0.3305 3 :  0.4222 4 :  0.5253 2 :  0.5558 0 :  0.7043 8 :  0.5726 6 :  0.7678



# FIG 13(a) with PF32
0.1548 0.157 0.1542 0.1581 0.1561 0.1546 0.1554 0.1571 0.1568 0.1554 0.1559 0.1546 0.1549
# FIG 13(b) with PF32
0.1925 0.1915 0.1972 0.1938 0.1947 0.1917 0.1923 0.1926 0.1944 0.1925 0.1915 0.1916 0.1922
# FIG 13(a) with PF12
0.0553 0.0558 0.0559 0.0564 0.0563 0.0554 0.0554 0.0548 0.0554 0.0555 0.0561 0.0555 0.0553
# FIG 13(b) with PF12
0.0211 0.0189 0.0211 0.0206 0.0203 0.0199 0.021 0.0208 0.0194 0.0186 0.0198 0.0203 0.0208
# FIG 13(a) with PF30
0.0501 0.0512 0.0522 0.0515 0.0512 0.0511 0.0506 0.0488 0.0501 0.0499 0.0495 0.0512 0.0504
# FIG 13(b) with PF30
0.0012 0.0012 0.0016 0.0014 0.0016 0.0015 0.0011 0.0011 0.0016 0.0015 0.0019 0.0012 0.001
# FIG 13(a) with PF15
0.2057 0.204 0.201 0.2026 0.2021 0.2015 0.2019 0.2019 0.2053 0.2009 0.2038 0.2017 0.2016
0.1998 0.195 0.1973 0.2007 0.1992 0.2004 0.1972 0.1981 0.1952 0.2006 0.1964 0.1981 0.2005
0.1985 0.1985 0.202 0.2012 0.2031 0.1987 0.1993 0.2002 0.1999 0.2033 0.202 0.2018 0.1984
0.206 0.207 0.2058 0.2044 0.2041 0.2042 0.207 0.2028 0.2057 0.2052 0.2023 0.2034 0.2052
0.2011 0.2009 0.2011 0.2009 0.1963 0.1987 0.2004 0.1974 0.2015 0.199 0.197 0.1989 0.2002
0.2031 0.2039 0.2035 0.2011 0.2032 0.2065 0.2057 0.2012 0.2027 0.2045 0.2022 0.2024 0.2046
0.201 0.199 0.2007 0.2 0.2021 0.1998 0.2001 0.1961 0.1999 0.1997 0.2011 0.2016 0.2001
0.2013 0.199 0.2023 0.2006 0.1978 0.2005 0.2019 0.1974 0.2021 0.2027 0.2003 0.2011 0.1987
# FIG 13(b) with PF15
0.2548 0.2552 0.2592 0.2559 0.259 0.2522 0.2546 0.2548 0.2572 0.2544 0.2586 0.2518 0.255
0.2508 0.2502 0.2541 0.2524 0.254 0.2513 0.2527 0.2562 0.2503 0.2544 0.2526 0.2524 0.2517
0.2853 0.2863 0.286 0.2855 0.2798 0.2869 0.2842 0.2832 0.2859 0.2887 0.2827 0.2872 0.2865
0.2984 0.3017 0.2996 0.2996 0.2945 0.2983 0.2995 0.2983 0.2948 0.3012 0.3011 0.3 0.3014
0.2996 0.2985 0.3003 0.299 0.2983 0.2979 0.3033 0.3003 0.3003 0.2944 0.2988 0.2989 0.2965
0.2943 0.2894 0.296 0.2936 0.296 0.2953 0.2931 0.2929 0.2899 0.2948 0.2939 0.2925 0.2946
0.2924 0.2914 0.295 0.2965 0.2937 0.2957 0.2959 0.2916 0.291 0.2912 0.2966 0.2976 0.2967
0.2781 0.2801 0.28 0.2784 0.2797 0.2785 0.2794 0.2818 0.2799 0.2763 0.2722 0.2797 0.2768
0.2716 0.2743 0.2729 0.2704 0.268 0.271 0.2713 0.2693 0.2687 0.2712 0.2687 0.2701 0.2687
0.2606 0.2605 0.2606 0.2625 0.258 0.2624 0.2596 0.2615 0.259 0.2587 0.2583 0.2645 0.2592
0.2499 0.2484 0.2523 0.2529 0.2524 0.2544 0.2535 0.2524 0.2522 0.2519 0.2525 0.2555 0.2533

# FIG 9 with PF32
0.1412 0.1358 0.1368 0.1424 0.1412 0.1394 0.1486 0.142 0.1438 0.1436 0.1432 0.146 0.1454
# FIG 9 with PF12
0.0462 0.0504 0.051 0.0542 0.0496 0.0488 0.0482 0.0514 0.0522 0.0548 0.0514 0.0494 0.054
# FIG 9 with PF30
0.0436 0.0368 0.0334 0.0406 0.0374 0.0418 0.0414 0.0382 0.041 0.0428 0.0406 0.041 0.0412
# FIG 9 with PF15
0.2334 0.236 0.2384 0.2286 0.2346 0.227 0.2324 0.2296 0.2352 0.2236 0.2298 0.2278 0.237
0.2204 0.2198 0.2172 0.2266 0.2062 0.2248 0.2296 0.2184 0.214 0.2248 0.2178 0.2292 0.226
0.222 0.219 0.2362 0.223 0.2364 0.233 0.2252 0.222 0.23 0.2306 0.2392 0.2244 0.2302
0.2314 0.2276 0.2212 0.2228 0.2242 0.219 0.2224 0.2204 0.2272 0.2142 0.2292 0.2204 0.2206


